# Linear matter power spectrum at z=0, Planck 2018 cosmology (CAMB)
# Columns: k [h/Mpc]   P_lin(k) [(Mpc/h)^3]
1.000000000000000048e-04 4.216319028244536185e+02
1.026646146967433539e-04 4.324619638560242265e+02
1.054002311083077032e-04 4.435698957858752465e+02
1.082087411568211148e-04 4.549628047442072329e+02
1.110920871768467143e-04 4.666479790868339137e+02
1.140522632586799093e-04 4.786328926068767942e+02
1.170913166274390783e-04 4.909252082761162228e+02
1.202113490589041276e-04 5.035327821863475037e+02
1.234145183330810950e-04 5.164636698259089371e+02
1.267030397264993895e-04 5.297261306766494044e+02
1.300791875442722527e-04 5.433286210932697031e+02
1.335452966929812687e-04 5.572797985411749551e+02
1.371037642954719277e-04 5.715885376441834751e+02
1.407570513486774608e-04 5.862639378256594682e+02
1.445076844256168664e-04 6.013153433999698336e+02
1.483582574227453293e-04 6.167523432441212208e+02
1.523114333538641313e-04 6.325847690464162270e+02
1.563699461918316251e-04 6.488226950711416521e+02
1.605366027593488310e-04 6.654764227742419962e+02
1.648142846701269057e-04 6.825565041692011619e+02
1.692059503217795385e-04 7.000737548201461777e+02
1.737146369418178895e-04 7.180392641503614186e+02
1.783434626881639021e-04 7.364644071744479561e+02
1.830956288056337096e-04 7.553608446432136816e+02
1.879744218398832689e-04 7.747405282813532494e+02
1.929832159103471152e-04 7.946156867040145926e+02
1.981254750437421678e-04 8.149988262638581773e+02
2.034047555697502860e-04 8.359027602855987880e+02
2.088247085805366987e-04 8.573406189589137512e+02
2.143890824558051199e-04 8.793258697564466502e+02
2.201017254551357143e-04 9.018723216501516617e+02
2.259665883793989113e-04 9.249941250235635835e+02
2.319877273030859343e-04 9.487057717171161357e+02
2.381693063794448342e-04 9.730220667429628065e+02
2.445156007203632092e-04 9.979581611741620009e+02
2.510309993529882887e-04 1.023529573957972161e+03
2.577200082551296722e-04 1.049752196698423177e+03
2.645872534715439854e-04 1.076642295416810839e+03
2.716374843132563031e-04 1.104216526853123241e+03
2.788755766421312774e-04 1.132491948546806952e+03
2.863065362429652403e-04 1.161486006458999555e+03
2.939355022854320482e-04 1.191216532026977347e+03
3.017677508782759923e-04 1.221701777701086939e+03
3.098086987182104186e-04 1.252960427334737460e+03
3.180639068360451602e-04 1.285011588104598786e+03
3.265390844426344563e-04 1.317874802107680580e+03
3.352400928773040419e-04 1.351570069063591745e+03
3.441729496614887268e-04 1.386117848678086375e+03
3.533438326603838340e-04 1.421539023339943014e+03
3.627590843554885647e-04 1.457854933992594624e+03
3.724252162309965000e-04 1.495087410777643072e+03
3.823489132770658086e-04 1.533258765530405299e+03
3.925370386130849916e-04 1.572391757265754677e+03
4.029966382341303426e-04 1.612509643707171563e+03
4.137349458838986247e-04 1.653636202695617612e+03
4.247593880574840179e-04 1.695795721844275931e+03
4.360775891374607592e-04 1.739012990418540767e+03
4.476973766668215326e-04 1.783313338786706481e+03
4.596267867624201126e-04 1.828722647102636984e+03
4.718740696726607636e-04 1.875267257057108054e+03
4.844476954832793573e-04 1.922973974662874525e+03
4.973563599751612378e-04 1.971870165546908311e+03
5.106089906382471752e-04 2.021983767655804968e+03
5.242147528456866760e-04 2.073343299872402440e+03
5.381830561925096505e-04 2.125977871477062763e+03
5.525235610031977492e-04 2.179917191701372303e+03
5.672461850126586051e-04 2.235191528455703974e+03
5.823611102252219517e-04 2.291831544784382913e+03
5.978787899564007866e-04 2.349868445169780443e+03
6.138099560622903078e-04 2.409334036083482715e+03
6.301656263615999787e-04 2.470260724365636179e+03
6.469571122554558865e-04 2.532681512786924941e+03
6.641960265502410993e-04 2.596630022023137826e+03
6.818942914888839746e-04 2.662140493381466058e+03
7.000641469961507365e-04 2.729247604038163445e+03
7.187181591436409998e-04 2.797986417359109510e+03
7.378692288403456995e-04 2.868392584497685675e+03
7.575306007547722830e-04 2.940502358666926739e+03
7.777158724748122354e-04 3.014352586346800308e+03
7.984390039116815970e-04 3.089980713282428951e+03
8.197143269544436952e-04 3.167424794134951298e+03
8.415565553817822616e-04 3.246723410560993671e+03
8.639807950378921610e-04 3.327915292424248946e+03
8.870025542795119530e-04 3.411039574682421971e+03
9.106377547013326263e-04 3.496135933492302229e+03
9.349027421471981219e-04 3.583244519525041142e+03
9.598142980147085284e-04 3.672405838347437111e+03
9.853896508610526968e-04 3.763660870611319297e+03
1.011646488318084045e-03 3.857051084890129459e+03
1.038602969324895755e-03 3.952618142705387527e+03
1.066277736686339342e-03 4.050403730485880260e+03
1.094689929966186125e-03 4.150449896285665091e+03
1.123859198723834319e-03 4.252799037129696444e+03
1.153805716103731803e-03 4.357493487352808188e+03
1.184550192786896399e-03 4.464575548865124802e+03
1.216113891314197799e-03 4.574087761193854021e+03
1.248518640791293184e-03 4.686072816595426048e+03
1.281786851985397850e-03 4.800573122087891534e+03
1.315941532824324751e-03 4.917631001966610711e+03
1.351006304308511197e-03 5.037288847413808980e+03
1.387005416847045128e-03 5.159588879042952613e+03
1.423963767028977537e-03 5.284572599026785610e+03
1.461906914841531969e-03 5.412281236410274687e+03
1.500861101347106307e-03 5.542755834471983690e+03
1.540853266831305546e-03 5.676036837721213487e+03
1.581911069434542181e-03 5.812163722942634195e+03
1.624062904280105125e-03 5.951175477277809478e+03
1.667337923111909250e-03 6.093110570421341436e+03
1.711766054455524707e-03 6.238006235052806005e+03
1.757378024316409975e-03 6.385898367245496956e+03
1.804205377429682908e-03 6.536822036768331600e+03
1.852280499076107900e-03 6.690811355509574241e+03
1.901636637479400165e-03 6.847898738426972159e+03
1.952307926800332574e-03 7.008115114811908825e+03
2.004329410743539014e-03 7.171490194288162456e+03
2.057737066793361227e-03 7.338052159370657137e+03
2.112567831095472047e-03 7.507826820646880151e+03
2.168859624001514500e-03 7.680838142767712270e+03
2.226651376294390677e-03 7.857108378367243859e+03
2.285983056112369637e-03 8.036657509294053852e+03
2.346895696590601925e-03 8.219502559379407103e+03
2.409431424239192460e-03 8.405658270616320806e+03
2.473633488077421616e-03 8.595137089888274204e+03
2.539546289544298424e-03 8.787948420201028057e+03
2.607215413206095175e-03 8.984098334065476593e+03
2.676687658282143282e-03 9.183590109541282800e+03
2.748011071010643836e-03 9.386424038267054129e+03
2.821234977876928025e-03 9.592596176584493151e+03
2.896410019727100032e-03 9.802098553958783668e+03
2.973588186790694556e-03 1.001491974144188498e+04
3.052822854636544000e-03 1.023104447155543676e+04
3.134168821086728233e-03 1.045045236163880327e+04
3.217682344114152892e-03 1.067311857719699401e+04
3.303421180749934079e-03 1.089901411149007436e+04
3.391444627027530127e-03 1.112810488761546185e+04
3.481813558991216865e-03 1.136035026844797903e+04
3.574590474797300320e-03 1.159570445312126139e+04
3.669839537937135635e-03 1.183411662181296560e+04
3.767626621611907829e-03 1.207552964931576389e+04
3.868019354289792700e-03 1.231987937178498942e+04
3.971087166477075929e-03 1.256709585568430884e+04
4.076901338735511825e-03 1.281710321873907924e+04
4.185535050979185927e-03 1.306981725073837333e+04
4.297063433084919760e-03 1.332514562659241892e+04
4.411563616851285619e-03 1.358298945264262329e+04
4.529114789342086368e-03 1.384324297464088158e+04
4.649798247651270276e-03 1.410579221126949051e+04
4.773697455127102161e-03 1.437051558772500721e+04
4.900898099094479904e-03 1.463728439274784978e+04
5.031488150115367812e-03 1.490595931537246906e+04
5.165557922828241215e-03 1.517638215899082024e+04
5.303200138408713411e-03 1.544838392522758477e+04
5.444509988694464127e-03 1.572178706362225057e+04
5.589585202018874932e-03 1.599641395417831518e+04
5.738526110798862143e-03 1.627209390224546041e+04
5.891435720923664070e-03 1.654865060380566138e+04
6.048419782992584155e-03 1.682589868275787740e+04
6.209586865450932719e-03 1.710360266746628986e+04
6.375048429674783947e-03 1.738147647386894459e+04
6.544918907056405076e-03 1.765922005794999859e+04
6.719315778143764711e-03 1.793652442813241942e+04
6.898359653888774465e-03 1.821309805709660577e+04
7.082174359060508864e-03 1.848865448660627226e+04
7.270887017881024969e-03 1.876289848316752250e+04
7.464628141943082350e-03 1.903552657094782262e+04
7.663531720470539467e-03 1.930622858748973158e+04
7.867735312983785423e-03 1.957468689831086886e+04
8.077380144434419609e-03 1.984057625209491380e+04
8.292611202874842005e-03 2.010354687583497798e+04
8.513577339730432625e-03 2.036320417182761594e+04
8.740431372743500890e-03 2.061913980328860634e+04
8.973330191660392266e-03 2.087093643091943522e+04
9.212434866734677333e-03 2.111815557651880226e+04
9.457910760121599272e-03 2.136033577112949934e+04
9.709927640240671384e-03 2.159700715526858767e+04
9.968659799185670273e-03 2.182769204829208684e+04
1.023428617326311088e-02 2.205189380355982576e+04
1.050699046674265398e-02 2.226910238684546857e+04
1.078696127890490380e-02 2.247880352380471595e+04
1.107439223447461048e-02 2.268047598508770898e+04
1.136948211752942563e-02 2.287357508990270435e+04
1.167243500897672398e-02 2.305754829640932439e+04
1.198346042769373419e-02 2.323184382215529331e+04
1.230277347542847732e-02 2.339589803745157042e+04
1.263059498556178863e-02 2.354911333564574306e+04
1.296715167583319984e-02 2.369089111837784003e+04
1.331267630513645328e-02 2.382063977874053307e+04
1.366740783449297766e-02 2.393776054953984567e+04
1.403159159231473149e-02 2.404164300538727548e+04
1.440547944407055692e-02 2.413168924492175574e+04
1.478932996647360637e-02 2.420731663797020883e+04
1.518340862631011728e-02 2.426793544938507330e+04
1.558798796403337850e-02 2.431295814560381768e+04
1.600334778224959606e-02 2.434182263634746778e+04
1.642977533922635944e-02 2.435399256899344255e+04
1.686756554755730261e-02 2.434894062925319304e+04
1.731702117812033287e-02 2.432616617077353294e+04
1.777845306947068924e-02 2.428520838808394547e+04
1.825218034281341287e-02 2.422564791436868836e+04
1.873853062270412068e-02 2.414710580527293860e+04
1.923784026363045338e-02 2.404925229388283333e+04
1.975045458263116269e-02 2.393181164746775903e+04
2.027672809811355975e-02 2.379457763838823303e+04
2.081702477503458160e-02 2.363742480449841969e+04
2.137171827661486084e-02 2.346029143597129587e+04
2.194119222276012804e-02 2.326318264815027942e+04
2.252584045536848781e-02 2.304622849920757290e+04
2.312606731070719623e-02 2.280967815799585514e+04
2.374228789904706677e-02 2.255384580883210219e+04
2.437492839174817613e-02 2.227912585870964176e+04
2.502442631599536421e-02 2.198611888546652699e+04
2.569123085738709428e-02 2.167554911728111256e+04
2.637580317058729751e-02 2.134818674579085564e+04
2.707861669825484263e-02 2.100490635761995873e+04
2.780015749847134648e-02 2.064686815677441336e+04
2.854092458089341547e-02 2.027530796550544619e+04
2.930143025186234332e-02 1.989146452650384526e+04
3.008220046870944270e-02 1.949674037689028046e+04
3.088377520350248095e-02 1.909285912836827629e+04
3.170670881648419287e-02 1.868152765793387880e+04
3.255157043946185075e-02 1.826439255184146532e+04
3.341894436941248575e-02 1.784328468451702793e+04
3.430943047257634798e-02 1.742021680724834368e+04
3.522364459931755926e-02 1.699708018562522193e+04
3.616221901003959655e-02 1.657567253438212720e+04
3.712580281244963476e-02 1.615813999514944589e+04
3.811506241047413202e-02 1.574673107350479768e+04
3.913068196513652675e-02 1.534348002128530607e+04
4.017336386771542395e-02 1.495013998960567551e+04
4.124382922551075858e-02 1.456791410243600512e+04
4.234281836055345249e-02 1.419775130877876654e+04
4.347109132160411477e-02 1.384048206083644436e+04
4.462942840979425979e-02 1.349722521674054042e+04
4.581863071827420308e-02 1.316997018970238969e+04
4.703952068623989957e-02 1.286064735236526576e+04
4.829294266772309052e-02 1.257089148328069859e+04
4.957976351553703559e-02 1.230026264115878257e+04
5.090087318078264506e-02 1.204657924574606841e+04
5.225718532832848012e-02 1.180776321968632146e+04
5.364963796869153673e-02 1.158187488694445710e+04
5.507919410675484601e-02 1.136707627235266591e+04
5.654684240777125420e-02 1.116165157712192740e+04
5.805359788111302821e-02 1.096375382282630380e+04
5.960050258224140751e-02 1.077106893294741349e+04
6.118862633338072177e-02 1.058133960355492491e+04
6.281906746339536995e-02 1.039189867056945332e+04
6.449295356738213303e-02 1.019945333390115957e+04
6.621144228650240049e-02 1.000079493505080973e+04
6.797572210859430253e-02 9.792015161450974119e+03
6.978701319011734738e-02 9.569080723263157779e+03
7.164656819999944137e-02 9.328909839127996747e+03
7.355567318596881177e-02 9.069749148285418414e+03
7.551564846397065822e-02 8.790750169897175510e+03
7.752784953128268042e-02 8.493005084469859867e+03
7.959366800396230901e-02 8.178498065660132852e+03
8.171453257927294156e-02 7.851069878387223071e+03
8.389191002375540052e-02 7.515249777884558171e+03
8.612730618762709511e-02 7.176212052852584748e+03
8.842226704621168609e-02 6.839150334946332805e+03
9.077837976911871942e-02 6.509334177753792574e+03
9.319727381791215182e-02 6.191748602939392185e+03
9.568062207302839572e-02 5.891570158947810341e+03
9.823014199072170605e-02 5.613291369737681634e+03
1.008475967908383508e-01 5.360831281406756716e+03
1.035347966762395211e-01 5.137322662884503188e+03
1.062936000847179568e-01 4.943598533274246620e+03
1.091259149742728890e-01 4.779019387535759961e+03
1.120337001426330165e-01 4.640052870165324748e+03
1.150189665819390111e-01 4.521611567509194174e+03
1.180837788695236895e-01 4.416689509349248510e+03
1.212302565957508599e-01 4.317730015398319665e+03
1.244605758299009296e-01 4.216951100705342469e+03
1.277769706251158932e-01 4.107450196141931883e+03
1.311817345634460619e-01 3.983753173067947955e+03
1.346772223420665271e-01 3.842876818665046812e+03
1.382658514017589546e-01 3.684353464517066641e+03
1.419501035987875692e-01 3.510536694552729841e+03
1.457325269213231855e-01 3.326051771501505300e+03
1.496157372516042361e-01 3.137305058420287423e+03
1.536024201750514073e-01 2.952140858796261000e+03
1.576953328375893248e-01 2.779154876864660764e+03
1.618973058524579567e-01 2.625791567098877749e+03
1.662112452578340949e-01 2.496540269137488849e+03
1.706401345266145009e-01 2.391521248796383134e+03
1.751870366297533232e-01 2.306762637544061818e+03
1.798550961545787585e-01 2.236145407920699654e+03
1.846475414795555881e-01 2.172579995408657396e+03
1.895676870069951114e-01 2.108430642817593707e+03
1.946189354552599615e-01 2.036404869681955461e+03
1.998047802120461458e-01 1.951845971778414423e+03
2.051288077503720664e-01 1.854954473684307004e+03
2.105947001089429338e-01 1.750484374082393970e+03
2.162062374386082564e-01 1.645404090079528032e+03
2.219673006166732743e-01 1.546816057748616686e+03
2.278818739308696995e-01 1.460427322261983591e+03
2.339540478348458297e-01 1.388876896879454534e+03
2.401880217770789028e-01 1.330887412723217722e+03
2.465881071051680973e-01 1.281991000673655662e+03
2.531587300475137137e-01 1.235845491965623069e+03
2.599044347744486338e-01 1.186248631845356840e+03
2.668298865409360898e-01 1.130200813288320887e+03
2.739398749130095290e-01 1.069138298286943382e+03
2.812393170801819609e-01 1.007024341092776353e+03
2.887332612561211986e-01 9.484858561308182061e+02
2.964268901699378955e-01 8.974170157159406926e+02
3.043255246505053857e-01 8.546346444258052770e+02
3.124346273062838519e-01 8.174273776433229841e+02
3.207598063032027214e-01 7.819363118798898995e+02
3.293068192432030972e-01 7.450708866919560478e+02
3.380815771461353481e-01 7.058215806130265264e+02
3.470901485377533291e-01 6.660612409389322011e+02
3.563387636466383568e-01 6.287564881477841254e+02
3.658338187129606123e-01 5.955309237947304837e+02
3.755818804120433230e-01 5.662075094151409758e+02
3.855896903958073718e-01 5.390054039175496428e+02
3.958641699552216675e-01 5.118887043983940544e+02
4.064124248069892475e-01 4.844128899443642240e+02
4.172417500077869601e-01 4.575440865920330111e+02
4.283596349994440167e-01 4.325387648207466214e+02
4.397737687885551194e-01 4.098715421088536459e+02
4.514920452641175141e-01 3.887625764986366903e+02
4.635225686568519854e-01 3.683460781749196826e+02
4.758736591440044794e-01 3.482556058237473167e+02
4.885538586034864350e-01 3.290385860009357657e+02
5.015719365213413550e-01 3.111127786134412645e+02
5.149368960566287345e-01 2.944398129360614575e+02
5.286579802679083340e-01 2.785476388712843345e+02
5.427446785056331269e-01 2.632366529828296393e+02
5.572067329748862097e-01 2.486264055765101659e+02
5.720541454729791697e-01 2.349169086838944338e+02
5.872971843065812880e-01 2.219974668741009225e+02
6.029463913931749630e-01 2.097026932897108793e+02
6.190125895517207821e-01 1.979833805216989049e+02
6.355068899876069599e-01 1.868983931131077441e+02
6.524406999770340221e-01 1.764463295186388052e+02
6.698257307561568119e-01 1.665516080462253115e+02
6.876740056204533325e-01 1.571737076529899468e+02
7.059978682399004057e-01 1.482898225034056736e+02
7.248099911957149866e-01 1.398778128021937448e+02
7.441233847445796190e-01 1.319161663043768726e+02
7.639514058163885402e-01 1.243840152816111555e+02
7.843077672517488885e-01 1.172611492069894155e+02
8.052065472856394512e-01 1.105280235108249798e+02
8.266621992837516197e-01 1.041656809671303989e+02
8.486895617382878010e-01 9.815505205045343473e+01
8.713038685300936725e-01 9.247749913502828178e+01
8.945207594642392568e-01 8.711532469984429383e+01
9.183562910863429796e-01 8.205173191337348726e+01
9.428269477870977466e-01 7.727078072843968926e+01
9.679496532026887756e-01 7.275734603045435733e+01
9.937417819190050849e-01 6.849707774647120573e+01
1.020221171487697198e+00 6.447636576085781712e+01
1.047406134762445040e+00 6.068238685508386965e+01
1.075315472563917574e+00 5.710305909948183967e+01
1.103968486682210148e+00 5.372689830803347633e+01
1.133384993225758697e+00 5.054298618874745586e+01
1.163585336325936970e+00 4.754094591797964142e+01
1.194590402206827440e+00 4.471091852599977301e+01
1.226421633629915187e+00 4.204354008437795187e+01
1.259101044723659246e+00 3.952991964985499607e+01
1.292651236208213872e+00 3.716160789913659102e+01
1.327095411025853933e+00 3.493056617707053846e+01
1.362457390387854295e+00 3.282917184014719680e+01
1.398761630248994026e+00 3.085020212716152699e+01
1.436033238221017028e+00 2.898681478025871172e+01
1.474297990936772829e+00 2.723252949829360503e+01
1.513582351877064802e+00 2.558121019381743722e+01
1.553913489672496206e+00 2.402704802550952579e+01
1.595319296892985905e+00 2.256454509354464477e+01
1.637828409337977797e+00 2.118849862280605834e+01
1.681470225840637100e+00 1.989398655039095587e+01
1.726274928599749181e+00 1.867635353469350079e+01
1.772273504053415660e+00 1.753119744138641778e+01
1.819497764308910082e+00 1.645435645016966220e+01
1.867980369143600550e+00 1.544189675813278306e+01
1.917754848592083450e+00 1.449010085614561483e+01
1.968855626135174841e+00 1.359545624406307418e+01
2.021318042506829560e+00 1.275464358492457961e+01
2.075178380135393574e+00 1.196452736222752122e+01
2.130473888236120494e+00 1.122214724139460351e+01
2.187242808572341879e+00 1.052470882087891368e+01
2.245524401903020717e+00 9.869574817130395417e+00
2.305358975135085142e+00 9.254256684576885661e+00
2.366787909199229212e+00 8.676406651386376012e+00
2.429853687668494633e+00 8.133810146835882549e+00
2.494599926139467350e+00 7.624378379804888972e+00
2.561071402396331465e+00 7.146141500523256695e+00
2.629314087378673115e+00 6.697242482777816974e+00
2.699375176974506463e+00 6.275930980873949849e+00
2.771303124660413619e+00 5.880557475551818847e+00
2.845147675011420851e+00 5.509567722124800504e+00
2.920959898103829833e+00 5.161497486529292189e+00
2.998792224834681885e+00 4.834967555379217963e+00
3.078698483182421342e+00 4.528678820169941055e+00
3.160733935433718056e+00 4.241407522944629527e+00
3.244955316402236889e+00 3.972001557312173414e+00
3.331420872665842747e+00 3.719376530588474949e+00
3.420190402849276445e+00 3.482511931810992944e+00
3.511325298980200849e+00 3.260447506345975466e+00
3.604888588947298800e+00 3.052279826648335970e+00
3.700944980089609704e+00 2.857159049215459490e+00
3.799560903947460044e+00 2.674285826291308066e+00
3.900804562205762327e+00 2.502908301974640093e+00
4.004745973861528974e+00 2.342319489067767435e+00
4.111457023648278586e+00 2.191854736009962501e+00
4.221011511750701217e+00 2.050889273702801496e+00
4.333485204844035543e+00 1.918835898620317337e+00
4.448955888493505206e+00 1.795142785162928911e+00
4.567503420949937443e+00 1.679291420413655311e+00
4.689209788378820853e+00 1.570794651729735758e+00
4.814159161561095246e+00 1.469194803832402973e+00
4.942437954104665465e+00 1.374061966131018941e+00
5.074134882207155250e+00 1.284992397612446213e+00
5.209341026011033549e+00 1.201606980237278188e+00
5.348149892593600185e+00 1.123549759390415792e+00
5.490657480635509735e+00 1.050486567863666343e+00
5.636962346812366853e+00 9.821037287970453278e-01
5.787165673955414036e+00 9.181068326018236858e-01
5.941371341028512276e+00 8.582195432689034842e-01
6.099685994969661351e+00 8.021825011468232125e-01
6.262219124446813723e+00 7.497523757183855997e-01
6.429083135579102937e+00 7.007009054921209401e-01
6.600393429675587953e+00 6.548139870907444537e-01
6.776268483045599922e+00 6.118908178262758568e-01
6.956829928935627905e+00 5.717430887308717624e-01
7.142202641649482153e+00 5.341942251763175387e-01
7.332514822910059848e+00 4.990786697127620464e-01
7.527898090522214147e+00 4.662412045451136411e-01
7.728487569398124535e+00 4.355363283349258374e-01
7.934421985008298428e+00 4.068276632814298299e-01
8.145843759322460187e+00 3.799873953814112970e-01
8.362899109307111445e+00 3.548957481475844000e-01
8.585738148047536100e+00 3.314404878474043747e-01
8.814514988564305042e+00 3.095164584322839252e-01
9.049387850396227506e+00 2.890251422087870004e-01
9.290519169023200519e+00 2.698742354528635978e-01
9.538075708204745595e+00 2.519772758109973809e-01
9.792228675312069086e+00 2.352532880443397589e-01
1.005315383973316123e+01 2.196264423941050870e-01
1.032103165443290216e+01 2.050257337017819814e-01
1.059604738075246466e+01 1.913846801043453949e-01
1.087839121653387586e+01 1.786410401409627979e-01
1.116825842765886634e+01 1.667365470033407016e-01
1.146584948309255481e+01 1.556166559884649692e-01
1.177137019352550240e+01 1.452303117667871901e-01
1.208503185371024102e+01 1.355297324741520648e-01
1.240705138859033063e+01 1.264702035185505669e-01
1.273765150332319962e+01 1.180098839814062162e-01
1.307706083730069047e+01 1.101096250009516719e-01
1.342551412227348884e+01 1.027327994129162148e-01
1.378325234468893079e+01 9.584514194679323584e-02
1.415052291235474691e+01 8.941459711266284971e-02
1.452757982554337701e+01 8.341117740072280518e-02
1.491468385265591934e+01 7.780683626893142302e-02
1.531210271056660943e+01 7.257534490795305993e-02
1.572011124977279195e+01 6.769217617210994409e-02
1.613899164447862944e+01 6.313439579678405134e-02
1.656903358774360768e+01 5.888056045369549629e-02
1.701053449183095267e+01 5.491062222249343955e-02
1.746379969389489517e+01 5.120583868100590796e-02
1.792914266714822702e+01 4.774868796925164915e-02
1.840688523765712503e+01 4.452279183186315381e-02
1.889735780691244216e+01 4.151284243529321238e-02
1.940089958033158979e+01 3.870453334285350877e-02
1.991785880184951196e+01 3.608449487361718028e-02
2.044859299476020453e+01 3.364023357152604032e-02
2.099346920897579949e+01 3.136007552779021545e-02
2.155286427487444101e+01 2.923311312672323067e-02
2.212716506391191729e+01 2.724915388261163821e-02
2.271676875617755798e+01 2.539867520637036774e-02
2.332208311507988796e+01 2.367278193430815553e-02
2.394352676935099211e+01 2.206316547849114518e-02
2.458152950256577540e+01 2.056206559147152890e-02
2.523653255037547183e+01 1.916223459166906465e-02
2.590898890566117885e+01 1.785690389327717481e-02
2.659936363181900987e+01 1.663975268557235307e-02
2.730813418439269569e+01 1.550487841197165442e-02
2.803579074127639359e+01 1.444676942125433169e-02
2.878283654171668715e+01 1.346027964254258719e-02
2.954978823434686319e+01 1.254060461179589900e-02
3.033717623449578582e+01 1.168325903684550200e-02
3.114554509101712299e+01 1.088405581867375391e-02
3.197545386289316838e+01 1.013908643562226077e-02
3.282747650587418775e+01 9.444702599963165218e-03
3.370220226941971475e+01 8.797498338303363571e-03
3.460023610421681894e+01 8.194293259153471315e-03
3.552219908055764819e+01 7.632119463843600390e-03
3.646872881786465825e+01 7.108207715918948323e-03
3.744047992566093086e+01 6.619974242966304018e-03
3.843812445629137642e+01 6.165008408854880106e-03
3.946235236970618132e+01 5.741061199395524825e-03
4.051387201062999566e+01 5.346034468128874582e-03
4.159341059844507527e+01 4.977971255955484543e-03
4.270171473012801044e+01 4.635047683991314754e-03
4.383955089658839199e+01 4.315562512292783932e-03
4.500770601276521887e+01 4.017928396330206105e-03
4.620698796184836254e+01 3.740664355527863975e-03
4.743822615400217302e+01 3.482388733019914188e-03
4.870227209997611340e+01 3.241812614857644999e-03
4.999999999999997158e+01 3.017733679168965732e-03
